9476	0	8000	0	id=9476
5105	0	7000	0	id=5105
218	0	6000	1	id=218
57604	0	6000	0	id=57604
761	0	6000	0	id=761
1728	0	6000	1	id=1728
7051	0	6000	0	id=7051
251	0	5000	0	id=251
360	0	5000	0	id=360
9024	0	5000	0	id=9024
1577	0	5000	1	id=1577
2139	0	5000	0	id=2139
2877	0	5000	1	id=2877
3081	0	5000	1	id=3081
10637	0	5000	0	id=10637
53904	0	5000	0	id=53904
55244	0	5000	0	id=55244
146802	0	5000	0	id=146802
55808	0	5000	0	id=55808
1244	0	4000	1	id=1244
131	0	4000	1	id=131
1645	0	4000	1	id=1645
1646	0	4000	1	id=1646
8644	0	4000	1	id=8644
1109	0	4000	1	id=1109
362	0	4000	0	id=362
23743	0	4000	0	id=23743
767	0	4000	0	id=767
1036	0	4000	1	id=1036
1056	0	4000	0	id=1056
1066	0	4000	1	id=1066
4166	0	4000	0	id=4166
1356	0	4000	0	id=1356
1510	0	4000	0	id=1510
1591	0	4000	1	id=1591
1555	0	4000	1	id=1555
1551	0	4000	1	id=1551
1644	0	4000	0	id=1644
1800	0	4000	1	id=1800
2348	0	4000	0	id=2348
2731	0	4000	0	id=2731
219970	0	4000	0	id=219970
2947	0	4000	1	id=2947
3034	0	4000	0	id=3034
9856	0	4000	0	id=9856
3897	0	4000	0	id=3897
389840	0	4000	0	id=389840
22983	0	4000	0	id=22983
26002	0	4000	0	id=26002
129807	0	4000	0	id=129807
55190	0	4000	0	id=55190
8399	0	4000	1	id=8399
5332	0	4000	0	id=5332
221687	0	4000	0	id=221687
142680	0	4000	0	id=142680
6539	0	4000	0	id=6539
54578	0	4000	1	id=54578
8714	0	3000	1	id=8714
26	0	3000	1	id=26
114	0	3000	0	id=114
126	0	3000	1	id=126
122481	0	3000	0	id=122481
57016	0	3000	1	id=57016
441282	0	3000	1	id=441282
238	0	3000	0	id=238
250	0	3000	0	id=250
27063	0	3000	0	id=27063
419	0	3000	0	id=419
57412	0	3000	0	id=57412
10331	0	3000	0	id=10331
2583	0	3000	0	id=2583
586	0	3000	0	id=586
375607	0	3000	0	id=375607
765	0	3000	0	id=765
873	0	3000	1	id=873
874	0	3000	1	id=874
1116	0	3000	0	id=1116
1152	0	3000	0	id=1152
93979	0	3000	0	id=93979
1592	0	3000	1	id=1592
1558	0	3000	1	id=1558
57834	0	3000	1	id=57834
4051	0	3000	1	id=4051
1852	0	3000	0	id=1852
5169	0	3000	0	id=5169
2042	0	3000	0	id=2042
2167	0	3000	0	id=2167
143162	0	3000	0	id=143162
89792	0	3000	0	id=89792
114805	0	3000	0	id=114805
11227	0	3000	0	id=11227
57452	0	3000	0	id=57452
124975	0	3000	1	id=124975
389396	0	3000	0	id=389396
2940	0	3000	1	id=2940
23057	0	3000	0	id=23057
79730	0	3000	0	id=79730
123264	0	3000	0	id=123264
390928	0	3000	0	id=390928
64714	0	3000	0	id=64714
64600	0	3000	1	id=64600
22949	0	3000	1	id=22949
5800	0	3000	0	id=5800
11122	0	3000	0	id=11122
5947	0	3000	0	id=5947
27330	0	3000	0	id=27330
284111	0	3000	0	id=284111
8170	0	3000	0	id=8170
6565	0	3000	0	id=6565
23539	0	3000	0	id=23539
55867	0	3000	0	id=55867
8501	0	3000	0	id=8501
11254	0	3000	0	id=11254
56301	0	3000	0	id=56301
23657	0	3000	0	id=23657
25830	0	3000	1	id=25830
23043	0	3000	0	id=23043
7273	0	3000	0	id=7273
7358	0	3000	0	id=7358
54577	0	3000	1	id=54577
54600	0	3000	1	id=54600
65268	0	3000	0	id=65268
65267	0	3000	0	id=65267
10058	0	2000	0	id=10058
4363	0	2000	1	id=4363
10057	0	2000	0	id=10057
51703	0	2000	1	id=51703
23305	0	2000	1	id=23305
111	0	2000	0	id=111
84803	0	2000	0	id=84803
231	0	2000	0	id=231
216	0	2000	0	id=216
224	0	2000	1	id=224
230	0	2000	0	id=230
246	0	2000	1	id=246
144193	0	2000	0	id=144193
403314	0	2000	0	id=403314
80150	0	2000	0	id=80150
481	0	2000	0	id=481
952	0	2000	0	id=952
9023	0	2000	0	id=9023
166012	0	2000	0	id=166012
64377	0	2000	0	id=64377
83539	0	2000	0	id=83539
1373	0	2000	0	id=1373
1515	0	2000	0	id=1515
1594	0	2000	1	id=1594
1571	0	2000	1	id=1571
51302	0	2000	1	id=51302
1621	0	2000	1	id=1621
26052	0	2000	0	id=26052
1809	0	2000	0	id=1809
78986	0	2000	0	id=78986
1846	0	2000	0	id=1846
54898	0	2000	1	id=54898
2027	0	2000	0	id=2027
954	0	2000	0	id=954
956	0	2000	0	id=956
2049	0	2000	0	id=2049
2052	0	2000	1	id=2052
2066	0	2000	0	id=2066
10595	0	2000	0	id=10595
2168	0	2000	0	id=2168
2172	0	2000	0	id=2172
2235	0	2000	0	id=2235
2261	0	2000	0	id=2261
2264	0	2000	0	id=2264
50486	0	2000	0	id=50486
2539	0	2000	0	id=2539
2571	0	2000	0	id=2571
2645	0	2000	0	id=2645
2729	0	2000	1	id=2729
2730	0	2000	1	id=2730
2651	0	2000	0	id=2651
9245	0	2000	0	id=9245
150763	0	2000	0	id=150763
2936	0	2000	1	id=2936
2946	0	2000	1	id=2946
8908	0	2000	0	id=8908
3038	0	2000	0	id=3038
164045	0	2000	0	id=164045
3248	0	2000	0	id=3248
54979	0	2000	0	id=54979
9957	0	2000	0	id=9957
9955	0	2000	0	id=9955
10553	0	2000	0	id=10553
30811	0	2000	0	id=30811
3815	0	2000	0	id=3815
8942	0	2000	0	id=8942
4023	0	2000	0	id=4023
9890	0	2000	0	id=9890
140733	0	2000	0	id=140733
4129	0	2000	1	id=4129
5596	0	2000	0	id=5596
129642	0	2000	1	id=129642
4199	0	2000	0	id=4199
4257	0	2000	1	id=4257
9108	0	2000	0	id=9108
91807	0	2000	0	id=91807
140469	0	2000	0	id=140469
4881	0	2000	0	id=4881
4882	0	2000	0	id=4882
4948	0	2000	0	id=4948
29943	0	2000	0	id=29943
5053	0	2000	1	id=5053
5071	0	2000	0	id=5071
5144	0	2000	0	id=5144
5158	0	2000	0	id=5158
8622	0	2000	0	id=8622
5226	0	2000	0	id=5226
51268	0	2000	0	id=51268
5320	0	2000	1	id=5320
26279	0	2000	1	id=26279
5321	0	2000	1	id=5321
123745	0	2000	0	id=123745
9651	0	2000	0	id=9651
5365	0	2000	0	id=5365
139728	0	2000	0	id=139728
5475	0	2000	0	id=5475
84152	0	2000	0	id=84152
5052	0	2000	0	id=5052
5743	0	2000	1	id=5743
5783	0	2000	0	id=5783
26191	0	2000	0	id=26191
25797	0	2000	0	id=25797
5959	0	2000	0	id=5959
5979	0	2000	0	id=5979
6098	0	2000	0	id=6098
9252	0	2000	0	id=9252
388228	0	2000	0	id=388228
195814	0	2000	0	id=195814
57468	0	2000	0	id=57468
6509	0	2000	0	id=6509
85413	0	2000	0	id=85413
5002	0	2000	0	id=5002
6581	0	2000	0	id=6581
89874	0	2000	0	id=89874
154091	0	2000	0	id=154091
6517	0	2000	0	id=6517
92745	0	2000	0	id=92745
55630	0	2000	0	id=55630
283375	0	2000	0	id=283375
80736	0	2000	0	id=80736
8671	0	2000	0	id=8671
6528	0	2000	0	id=6528
6542	0	2000	0	id=6542
6543	0	2000	0	id=6543
6547	0	2000	0	id=6547
6579	0	2000	1	id=6579
6578	0	2000	0	id=6578
84620	0	2000	0	id=84620
6770	0	2000	0	id=6770
56164	0	2000	0	id=56164
202374	0	2000	0	id=202374
6799	0	2000	1	id=6799
6888	0	2000	0	id=6888
29953	0	2000	0	id=29953
84676	0	2000	0	id=84676
254173	0	2000	0	id=254173
7296	0	2000	0	id=7296
7295	0	2000	0	id=7295
54658	0	2000	0	id=54658
54659	0	2000	0	id=54659
54657	0	2000	1	id=54657
54579	0	2000	0	id=54579
9099	0	2000	0	id=9099
283576	0	2000	0	id=283576
13	0	1000	0	id=13
51166	0	1000	0	id=51166
10157	0	1000	0	id=10157
9619	0	1000	0	id=9619
57406	0	1000	0	id=57406
28	0	1000	0	id=28
125981	0	1000	0	id=125981
23205	0	1000	1	id=23205
2182	0	1000	1	id=2182
54988	0	1000	0	id=54988
55811	0	1000	0	id=55811
125	0	1000	0	id=125
130	0	1000	1	id=130
137872	0	1000	0	id=137872
122622	0	1000	0	id=122622
64850	0	1000	0	id=64850
221	0	1000	1	id=221
200810	0	1000	0	id=200810
242	0	1000	1	id=242
59344	0	1000	1	id=59344
275	0	1000	0	id=275
314	0	1000	1	id=314
364	0	1000	0	id=364
414	0	1000	0	id=414
444	0	1000	1	id=444
445	0	1000	0	id=445
478	0	1000	0	id=478
489	0	1000	0	id=489
9914	0	1000	0	id=9914
534	0	1000	0	id=534
10396	0	1000	0	id=10396
10079	0	1000	0	id=10079
192134	0	1000	0	id=192134
374907	0	1000	0	id=374907
84752	0	1000	0	id=84752
283358	0	1000	0	id=283358
2683	0	1000	0	id=2683
8702	0	1000	0	id=8702
580	0	1000	0	id=580
641	0	1000	0	id=641
645	0	1000	0	id=645
84446	0	1000	0	id=84446
10826	0	1000	0	id=10826
815	0	1000	0	id=815
816	0	1000	0	id=816
875	0	1000	0	id=875
8317	0	1000	0	id=8317
8999	0	1000	0	id=8999
1951	0	1000	0	id=1951
23491	0	1000	0	id=23491
56994	0	1000	0	id=56994
10164	0	1000	0	id=10164
56548	0	1000	0	id=56548
11113	0	1000	0	id=11113
55790	0	1000	0	id=55790
1521	0	1000	0	id=1521
120227	0	1000	1	id=120227
8529	0	1000	1	id=8529
260293	0	1000	1	id=260293
166614	0	1000	0	id=166614
123099	0	1000	0	id=123099
1608	0	1000	0	id=1608
1718	0	1000	0	id=1718
1806	0	1000	0	id=1806
128853	0	1000	0	id=128853
1848	0	1000	0	id=1848
55268	0	1000	0	id=55268
83401	0	1000	0	id=83401
79993	0	1000	1	id=79993
339221	0	1000	0	id=339221
1969	0	1000	0	id=1969
2043	0	1000	0	id=2043
2045	0	1000	0	id=2045
2047	0	1000	0	id=2047
2064	0	1000	0	id=2064
2109	0	1000	0	id=2109
55224	0	1000	0	id=55224
2070	0	1000	0	id=2070
2162	0	1000	0	id=2162
158584	0	1000	1	id=158584
8789	0	1000	0	id=8789
2260	0	1000	0	id=2260
11328	0	1000	0	id=11328
2328	0	1000	1	id=2328
2329	0	1000	1	id=2329
2352	0	1000	0	id=2352
2444	0	1000	0	id=2444
10841	0	1000	0	id=10841
2495	0	1000	0	id=2495
2519	0	1000	0	id=2519
11226	0	1000	0	id=11226
9615	0	1000	0	id=9615
8836	0	1000	0	id=8836
2686	0	1000	1	id=2686
2744	0	1000	0	id=2744
23127	0	1000	0	id=23127
92292	0	1000	0	id=92292
56261	0	1000	0	id=56261
338328	0	1000	0	id=338328
2875	0	1000	0	id=2875
2878	0	1000	1	id=2878
29841	0	1000	0	id=29841
2938	0	1000	1	id=2938
2944	0	1000	1	id=2944
2948	0	1000	1	id=2948
2950	0	1000	1	id=2950
3055	0	1000	0	id=3055
10870	0	1000	0	id=10870
23072	0	1000	0	id=23072
27306	0	1000	1	id=27306
9953	0	1000	0	id=9953
64711	0	1000	0	id=64711
51171	0	1000	0	id=51171
3417	0	1000	0	id=3417
3620	0	1000	1	id=3620
3423	0	1000	0	id=3423
64135	0	1000	0	id=64135
3656	0	1000	0	id=3656
337880	0	1000	0	id=337880
3931	0	1000	0	id=3931
3938	0	1000	0	id=3938
3948	0	1000	0	id=3948
51557	0	1000	0	id=51557
54947	0	1000	0	id=54947
79948	0	1000	0	id=79948
9227	0	1000	0	id=9227
9175	0	1000	0	id=9175
11184	0	1000	0	id=11184
5602	0	1000	0	id=5602
6300	0	1000	0	id=6300
225689	0	1000	0	id=225689
55016	0	1000	0	id=55016
196410	0	1000	0	id=196410
146664	0	1000	0	id=146664
55586	0	1000	1	id=55586
54456	0	1000	0	id=54456
4486	0	1000	0	id=4486
10797	0	1000	0	id=10797
10135	0	1000	0	id=10135
9348	0	1000	0	id=9348
54492	0	1000	0	id=54492
378884	0	1000	0	id=378884
4837	0	1000	0	id=4837
4835	0	1000	1	id=4835
84618	0	1000	0	id=84618
4907	0	1000	0	id=4907
56953	0	1000	0	id=56953
4915	0	1000	0	id=4915
170685	0	1000	0	id=170685
4953	0	1000	0	id=4953
55301	0	1000	0	id=55301
26873	0	1000	1	id=26873
200931	0	1000	0	id=200931
5019	0	1000	0	id=5019
51702	0	1000	0	id=51702
57144	0	1000	0	id=57144
64761	0	1000	0	id=64761
23178	0	1000	0	id=23178
5095	0	1000	0	id=5095
5136	0	1000	0	id=5136
5153	0	1000	0	id=5153
5138	0	1000	0	id=5138
5139	0	1000	0	id=5139
5165	0	1000	0	id=5165
54704	0	1000	0	id=54704
80055	0	1000	0	id=80055
5260	0	1000	0	id=5260
80235	0	1000	0	id=80235
415116	0	1000	0	id=415116
138429	0	1000	0	id=138429
283748	0	1000	1	id=283748
5322	0	1000	1	id=5322
151056	0	1000	1	id=151056
23228	0	1000	0	id=23228
10769	0	1000	0	id=10769
5444	0	1000	0	id=5444
64840	0	1000	0	id=64840
8612	0	1000	0	id=8612
152926	0	1000	0	id=152926
151742	0	1000	0	id=151742
79660	0	1000	0	id=79660
5522	0	1000	0	id=5522
5523	0	1000	0	id=5523
85441	0	1000	0	id=85441
5563	0	1000	0	id=5563
5588	0	1000	0	id=5588
5590	0	1000	0	id=5590
9200	0	1000	0	id=9200
5778	0	1000	0	id=5778
5788	0	1000	0	id=5788
5789	0	1000	0	id=5789
5794	0	1000	0	id=5794
5797	0	1000	0	id=5797
5803	0	1000	0	id=5803
5068	0	1000	0	id=5068
23179	0	1000	0	id=23179
6017	0	1000	0	id=6017
79589	0	1000	0	id=79589
4919	0	1000	0	id=4919
6095	0	1000	0	id=6095
79966	0	1000	1	id=79966
54414	0	1000	0	id=54414
345274	0	1000	0	id=345274
6558	0	1000	0	id=6558
6559	0	1000	0	id=6559
26266	0	1000	0	id=26266
6567	0	1000	0	id=6567
220963	0	1000	0	id=220963
57030	0	1000	0	id=57030
6506	0	1000	0	id=6506
6512	0	1000	0	id=6512
6583	0	1000	0	id=6583
9963	0	1000	0	id=9963
83884	0	1000	0	id=83884
10861	0	1000	0	id=10861
3177	0	1000	0	id=3177
10568	0	1000	0	id=10568
81539	0	1000	0	id=81539
124935	0	1000	0	id=124935
6521	0	1000	0	id=6521
115584	0	1000	0	id=115584
6540	0	1000	0	id=6540
55117	0	1000	0	id=55117
6530	0	1000	0	id=6530
11136	0	1000	0	id=11136
28234	0	1000	1	id=28234
64750	0	1000	0	id=64750
6484	0	1000	0	id=6484
6489	0	1000	0	id=6489
147323	0	1000	0	id=147323
55351	0	1000	0	id=55351
27347	0	1000	0	id=27347
6817	0	1000	1	id=6817
6818	0	1000	1	id=6818
6820	0	1000	1	id=6820
256126	0	1000	0	id=256126
7053	0	1000	0	id=7053
343641	0	1000	0	id=343641
8277	0	1000	0	id=8277
7086	0	1000	0	id=7086
7166	0	1000	1	id=7166
11181	0	1000	0	id=11181
7272	0	1000	0	id=7272
1890	0	1000	0	id=1890
7298	0	1000	0	id=7298
7318	0	1000	0	id=7318
7371	0	1000	0	id=7371
7352	0	1000	0	id=7352
54575	0	1000	1	id=54575
83844	0	1000	0	id=83844
25862	0	1000	0	id=25862
158880	0	1000	0	id=158880
8875	0	1000	0	id=8875
7453	0	1000	0	id=7453
7535	0	1000	0	id=7535
131540	0	1000	0	id=131540
29800	0	1000	0	id=29800
51201	0	1000	0	id=51201
