ModelNameMAT	ModelNameXML	PatientIndex	ProbabilityThreshold	RelativeGap	ACC	MCC	FisherExactTestp	RxnAddedForTask...	TimeElapsedINIT	TimeElapsedTINIT
TCGA-BH-A1EO-11A-31R-A137-07	TCGA-BH-A1EO-11A-31R-A137-07T9900RG5_TINIT.mat	TCGA-BH-A1EO-11A-31R-A137-07T9900RG5.xml	10	0.99	0.05	0.927376	0.835619	0	0.23056	15566.31841	3091.477542
TCGA-BH-A1FJ-11B-42R-A13Q-07	TCGA-BH-A1FJ-11B-42R-A13Q-07T9900RG5_TINIT.mat	TCGA-BH-A1FJ-11B-42R-A13Q-07T9900RG5.xml	2	0.99	0.05	0.922324	0.809599	0	0.20429	19158.66267	2368.695982
TCGA-A6-2675-11A-01R-1723-07	TCGA-A6-2675-11A-01R-1723-07T9900RG5_TINIT.mat	TCGA-A6-2675-11A-01R-1723-07T9900RG5.xml	29	0.99	0.05	0.934323	0.844972	0	0.223896	14755.42637	2105.139294
TCGA-AA-3518-11A-01R-1672-07	TCGA-AA-3518-11A-01R-1672-07T9900RG5_TINIT.mat	TCGA-AA-3518-11A-01R-1672-07T9900RG5.xml	27	0.99	0.05	0.933691	0.828906	0	0.116777	16124.63343	1644.177448
TCGA-A7-A0DB-11A-33R-A089-07	TCGA-A7-A0DB-11A-33R-A089-07T9900RG5_TINIT.mat	TCGA-A7-A0DB-11A-33R-A089-07T9900RG5.xml	17	0.99	0.05	0.936217	0.854908	0	0.291788	14862.34779	3338.844953
TCGA-AZ-6605-11A-01R-1839-07	TCGA-AZ-6605-11A-01R-1839-07T9900RG5_TINIT.mat	TCGA-AZ-6605-11A-01R-1839-07T9900RG5.xml	23	0.99	0.05	0.928323	0.843557	0	0.253968	14883.98442	4347.227056
TCGA-AA-3662-11A-01R-1723-07	TCGA-AA-3662-11A-01R-1723-07T9900RG5_TINIT.mat	TCGA-AA-3662-11A-01R-1723-07T9900RG5.xml	31	0.99	0.05	0.928323	0.831175	0	0.228216	17483.59399	1814.048527
TCGA-AA-3511-11A-01R-1839-07	TCGA-AA-3511-11A-01R-1839-07T9900RG5_TINIT.mat	TCGA-AA-3511-11A-01R-1839-07T9900RG5.xml	30	0.99	0.05	0.932112	0.829458	0	0.255152	17715.82504	2342.946879
TCGA-AA-3660-11A-01R-1723-07	TCGA-AA-3660-11A-01R-1723-07T9900RG5_TINIT.mat	TCGA-AA-3660-11A-01R-1723-07T9900RG5.xml	32	0.99	0.05	0.934007	0.847984	0	0.246204	18708.3	1449.365476
TCGA-A6-5659-11A-01R-1653-07	TCGA-A6-5659-11A-01R-1653-07T9900RG5_TINIT.mat	TCGA-A6-5659-11A-01R-1653-07T9900RG5.xml	26	0.99	0.05	0.929902	0.841028	0	0.228643	20102.33899	1112.076805
TCGA-AA-3489-11A-01R-1839-07	TCGA-AA-3489-11A-01R-1839-07T9900RG5_TINIT.mat	TCGA-AA-3489-11A-01R-1839-07T9900RG5.xml	28	0.99	0.05	0.937165	0.850319	0	0.273799	22512.12203	1648.921229
TCGA-F4-6704-11A-01R-1839-07	TCGA-F4-6704-11A-01R-1839-07T9900RG5_TINIT.mat	TCGA-F4-6704-11A-01R-1839-07T9900RG5.xml	22	0.99	0.05	0.926429	0.827431	0	0.228785	23656.39979	1119.100533
TCGA-A6-5665-11A-01R-1653-07	TCGA-A6-5665-11A-01R-1653-07T9900RG5_TINIT.mat	TCGA-A6-5665-11A-01R-1653-07T9900RG5.xml	24	0.99	0.05	0.931165	0.846837	0	0.268262	23109.89905	1797.464278
TCGA-BH-A0DQ-11A-12R-A089-07	TCGA-BH-A0DQ-11A-12R-A089-07T9900RG5_TINIT.mat	TCGA-BH-A0DQ-11A-12R-A089-07T9900RG5.xml	18	0.99	0.05	0.948532	0.87204	0	0.276243	27963.8703	1745.539746
TCGA-AA-3713-11A-01R-1723-07	TCGA-AA-3713-11A-01R-1723-07T9900RG5_TINIT.mat	TCGA-AA-3713-11A-01R-1723-07T9900RG5.xml	41	0.99	0.05	0.939375	0.854662	0	0.290396	14574.42135	2745.591746
TCGA-AZ-6600-11A-01R-1774-07	TCGA-AZ-6600-11A-01R-1774-07T9900RG5_TINIT.mat	TCGA-AZ-6600-11A-01R-1774-07T9900RG5.xml	35	0.99	0.05	0.937796	0.857634	0	0.185376	27171.45493	1922.241402
TCGA-AZ-6603-11A-02R-1839-07	TCGA-AZ-6603-11A-02R-1839-07T9900RG5_TINIT.mat	TCGA-AZ-6603-11A-02R-1839-07T9900RG5.xml	37	0.99	0.05	0.932112	0.833593	0	0.253432	28046.50001	2248.366718
TCGA-A6-5662-11A-01R-1653-07	TCGA-A6-5662-11A-01R-1653-07T9900RG5_TINIT.mat	TCGA-A6-5662-11A-01R-1653-07T9900RG5.xml	36	0.99	0.05	0.945374	0.85918	0	0.281294	27880.97669	2970.938996
TCGA-CV-7238-11A-01R-2016-07	TCGA-CV-7238-11A-01R-2016-07T9900RG5_TINIT.mat	TCGA-CV-7238-11A-01R-2016-07T9900RG5.xml	47	0.99	0.05	0.927692	0.832052	0	0.292642	28713.90745	2755.524266
TCGA-AZ-6601-11A-01R-1774-07	TCGA-AZ-6601-11A-01R-1774-07T9900RG5_TINIT.mat	TCGA-AZ-6601-11A-01R-1774-07T9900RG5.xml	34	0.99	0.05	0.937165	0.838186	0	0.234926	30143.89417	1454.438314
TCGA-A6-5667-11A-01R-1723-07	TCGA-A6-5667-11A-01R-1723-07T9900RG5_TINIT.mat	TCGA-A6-5667-11A-01R-1723-07T9900RG5.xml	38	0.99	0.05	0.935901	0.850046	0	0.248088	30872.0178	1532.994087
TCGA-AA-3663-11A-01R-1723-07	TCGA-AA-3663-11A-01R-1723-07T9900RG5_TINIT.mat	TCGA-AA-3663-11A-01R-1723-07T9900RG5.xml	33	0.99	0.05	0.924534	0.81732	0	0.222177	31134.60603	1399.714186
TCGA-CV-7406-11A-01R-2081-07	TCGA-CV-7406-11A-01R-2081-07T9900RG5_TINIT.mat	TCGA-CV-7406-11A-01R-2081-07T9900RG5.xml	45	0.99	0.05	0.934323	0.848224	0	0.24321	33754.91201	2129.582084
TCGA-CV-6938-11A-01R-1915-07	TCGA-CV-6938-11A-01R-1915-07T9900RG5_TINIT.mat	TCGA-CV-6938-11A-01R-1915-07T9900RG5.xml	48	0.99	0.05	0.931481	0.856122	0	0.350299	33812.72715	3040.980466
TCGA-CV-7101-11A-01R-2016-07	TCGA-CV-7101-11A-01R-2016-07T9900RG5_TINIT.mat	TCGA-CV-7101-11A-01R-2016-07T9900RG5.xml	62	0.99	0.05	0.941585	0.881238	0	0.262066	24283.43169	2243.477533
TCGA-CV-7091-11A-01R-2016-07	TCGA-CV-7091-11A-01R-2016-07T9900RG5_TINIT.mat	TCGA-CV-7091-11A-01R-2016-07T9900RG5.xml	50	0.99	0.05	0.938743	0.863179	0	0.28624	24149.78994	2457.363433
TCGA-CV-7252-11A-01R-2016-07	TCGA-CV-7252-11A-01R-2016-07T9900RG5_TINIT.mat	TCGA-CV-7252-11A-01R-2016-07T9900RG5.xml	61	0.99	0.05	0.929902	0.864054	0	0.538642	21832.07535	6399.685288
TCGA-CV-7438-11A-01R-2132-07	TCGA-CV-7438-11A-01R-2132-07T9900RG5_TINIT.mat	TCGA-CV-7438-11A-01R-2132-07T9900RG5.xml	53	0.99	0.05	0.948216	0.894725	0	0.471294	26881.52288	3709.736109
TCGA-CV-6962-11A-01R-1915-07	TCGA-CV-6962-11A-01R-1915-07T9900RG5_TINIT.mat	TCGA-CV-6962-11A-01R-1915-07T9900RG5.xml	56	0.99	0.05	0.924534	0.837222	0	0.274551	28221.0928	2479.245386
TCGA-CV-7432-11A-01R-2132-07	TCGA-CV-7432-11A-01R-2132-07T9900RG5_TINIT.mat	TCGA-CV-7432-11A-01R-2132-07T9900RG5.xml	63	0.99	0.05	0.928639	0.834259	0	0.240433	33294.67277	2065.885438
TCGA-CV-7183-11A-01R-2016-07	TCGA-CV-7183-11A-01R-2016-07T9900RG5_TINIT.mat	TCGA-CV-7183-11A-01R-2016-07T9900RG5.xml	55	0.99	0.05	0.937165	0.87293	0	0.320307	34668.71874	1570.151937
TCGA-CV-7440-11A-01R-2187-07	TCGA-CV-7440-11A-01R-2187-07T9900RG5_TINIT.mat	TCGA-CV-7440-11A-01R-2187-07T9900RG5.xml	54	0.99	0.05	0.934007	0.872618	0	0.937143	20039.20512	18672.26167
TCGA-CV-7437-11A-01R-2132-07	TCGA-CV-7437-11A-01R-2132-07T9900RG5_TINIT.mat	TCGA-CV-7437-11A-01R-2132-07T9900RG5.xml	51	0.99	0.05	0.945058	0.890022	0	0.324746	38519.54023	1529.538293
TCGA-CV-6943-11A-01R-1915-07	TCGA-CV-6943-11A-01R-1915-07T9900RG5_TINIT.mat	TCGA-CV-6943-11A-01R-1915-07T9900RG5.xml	60	0.99	0.05	0.937165	0.878514	0	0.933908	16970.856	24611.4529
TCGA-50-5930-11A-01R-1755-07	TCGA-50-5930-11A-01R-1755-07T9900RG5_TINIT.mat	TCGA-50-5930-11A-01R-1755-07T9900RG5.xml	72	0.99	0.05	0.924534	0.82124	0	0.223714	15625.99359	2891.583375
TCGA-44-6146-11A-01R-1858-07	TCGA-44-6146-11A-01R-1858-07T9900RG5_TINIT.mat	TCGA-44-6146-11A-01R-1858-07T9900RG5.xml	69	0.99	0.05	0.948216	0.870792	0	0.154889	32046.2888	2024.25552
TCGA-AX-A2H8-11A-11R-A17B-07	TCGA-AX-A2H8-11A-11R-A17B-07T9900RG5_TINIT.mat	TCGA-AX-A2H8-11A-11R-A17B-07T9900RG5.xml	106	0.99	0.05	0.936533	0.86185	0	0.202429	12311.2647	2564.629143
TCGA-AJ-A3NH-11A-11R-A22K-07	TCGA-AJ-A3NH-11A-11R-A22K-07T9900RG5_TINIT.mat	TCGA-AJ-A3NH-11A-11R-A22K-07T9900RG5.xml	111	0.99	0.05	0.930849	0.856714	0	0.236356	15947.39517	2562.175464
TCGA-BK-A0CB-11A-33R-A104-07	TCGA-BK-A0CB-11A-33R-A104-07T9900RG5_TINIT.mat	TCGA-BK-A0CB-11A-33R-A104-07T9900RG5.xml	107	0.99	0.05	0.928955	0.856503	0	0.30695	23821.59628	3123.560452
TCGA-AX-A1CI-11A-11R-A137-07	TCGA-AX-A1CI-11A-11R-A137-07T9900RG5_TINIT.mat	TCGA-AX-A1CI-11A-11R-A137-07T9900RG5.xml	108	0.99	0.05	0.938112	0.866693	0	0.396388	24301.30693	4223.133472
TCGA-AX-A2HA-11A-11R-A18M-07	TCGA-AX-A2HA-11A-11R-A18M-07T9900RG5_TINIT.mat	TCGA-AX-A2HA-11A-11R-A18M-07T9900RG5.xml	112	0.99	0.05	0.935901	0.864582	0	0.337482	24831.54446	4076.530373
TCGA-BK-A13C-11A-11R-A118-07	TCGA-BK-A13C-11A-11R-A118-07T9900RG5_TINIT.mat	TCGA-BK-A13C-11A-11R-A118-07T9900RG5.xml	109	0.99	0.05	0.928955	0.853469	0	0.854509	23342.35316	7695.380536
TCGA-AX-A1CK-11A-11R-A137-07	TCGA-AX-A1CK-11A-11R-A137-07T9900RG5_TINIT.mat	TCGA-AX-A1CK-11A-11R-A137-07T9900RG5.xml	110	0.99	0.05	0.946637	0.885142	0	0.307	29053.55875	2423.917636
TCGA-DI-A2QU-11A-11R-A18M-07	TCGA-DI-A2QU-11A-11R-A18M-07T9900RG5_TINIT.mat	TCGA-DI-A2QU-11A-11R-A18M-07T9900RG5.xml	124	0.99	0.05	0.93306	0.858412	0	0.256355	12520.68055	3073.71344
TCGA-AX-A0IZ-11A-11R-A27V-07	TCGA-AX-A0IZ-11A-11R-A27V-07T9900RG5_TINIT.mat	TCGA-AX-A0IZ-11A-11R-A27V-07T9900RG5.xml	116	0.99	0.05	0.930218	0.86076	0	0.404949	8980.565597	8508.212919
TCGA-AJ-A2QL-11A-11R-A18M-07	TCGA-AJ-A2QL-11A-11R-A18M-07T9900RG5_TINIT.mat	TCGA-AJ-A2QL-11A-11R-A18M-07T9900RG5.xml	117	0.99	0.05	0.931481	0.85985	0	0.32996	16121.55386	2324.578985
TCGA-E6-A1M0-11A-11R-A144-07	TCGA-E6-A1M0-11A-11R-A144-07T9900RG5_TINIT.mat	TCGA-E6-A1M0-11A-11R-A144-07T9900RG5.xml	121	0.99	0.05	0.940954	0.879419	0	0.240648	17250.2998	1859.490587
TCGA-BK-A4ZD-11A-12R-A27V-07	TCGA-BK-A4ZD-11A-12R-A27V-07T9900RG5_TINIT.mat	TCGA-BK-A4ZD-11A-12R-A27V-07T9900RG5.xml	123	0.99	0.05	0.925797	0.847403	0	0.235697	18677.8579	1589.654766
TCGA-BG-A3PP-11A-11R-A22K-07	TCGA-BG-A3PP-11A-11R-A22K-07T9900RG5_TINIT.mat	TCGA-BG-A3PP-11A-11R-A22K-07T9900RG5.xml	122	0.99	0.05	0.928955	0.858001	0	0.294517	19843.57492	1903.408109
TCGA-BG-A3EW-11A-22R-A22K-07	TCGA-BG-A3EW-11A-22R-A22K-07T9900RG5_TINIT.mat	TCGA-BG-A3EW-11A-22R-A22K-07T9900RG5.xml	125	0.99	0.05	0.927376	0.842516	0	0.249066	20272.43379	1551.393153
TCGA-AJ-A3NE-11A-11R-A22K-07	TCGA-AJ-A3NE-11A-11R-A22K-07T9900RG5_TINIT.mat	TCGA-AJ-A3NE-11A-11R-A22K-07T9900RG5.xml	118	0.99	0.05	0.939691	0.869263	0	0.295733	20399.01758	1512.919086
TCGA-AX-A1CF-11A-11R-A137-07	TCGA-AX-A1CF-11A-11R-A137-07T9900RG5_TINIT.mat	TCGA-AX-A1CF-11A-11R-A137-07T9900RG5.xml	120	0.99	0.05	0.931165	0.854776	0	0.329453	20806.44797	1117.368535
TCGA-AX-A0J0-11A-11R-A27V-07	TCGA-AX-A0J0-11A-11R-A27V-07T9900RG5_TINIT.mat	TCGA-AX-A0J0-11A-11R-A27V-07T9900RG5.xml	126	0.99	0.05	0.916325	0.823621	0	0.3263	21769.92658	774.974818
TCGA-AJ-A3NC-11A-11R-A22K-07	TCGA-AJ-A3NC-11A-11R-A22K-07T9900RG5_TINIT.mat	TCGA-AJ-A3NC-11A-11R-A22K-07T9900RG5.xml	119	0.99	0.05	0.946321	0.877816	0	0.246457	21702.53016	876.684841
TCGA-DI-A2QY-11A-11R-A19W-07	TCGA-DI-A2QY-11A-11R-A19W-07T9900RG5_TINIT.mat	TCGA-DI-A2QY-11A-11R-A19W-07T9900RG5.xml	114	0.99	0.05	0.924534	0.848537	0	0.30448	21825.7429	778.346798
TCGA-BG-A2AD-11A-11R-A16F-07	TCGA-BG-A2AD-11A-11R-A16F-07T9900RG5_TINIT.mat	TCGA-BG-A2AD-11A-11R-A16F-07T9900RG5.xml	115	0.99	0.05	0.926113	0.84672	0	0.350263	21580.93364	1140.459063
TCGA-AX-A05Y-11A-11R-A27V-07	TCGA-AX-A05Y-11A-11R-A27V-07T9900RG5_TINIT.mat	TCGA-AX-A05Y-11A-11R-A27V-07T9900RG5.xml	113	0.99	0.05	0.928008	0.845821	0	0.188363	22650.26802	232.62366
